function legCenter = getLegCenter()
%default positions for legs in radius. sorted for different heights as in
%[0 10 20... 150].

legCenter = [0 189 182 175 168 154 138 142 141 142 145 145 142 140 134 124];

end